
TradeDate: 2020/05/02 14:43:01,	Currency1: EUR,	Currency2: USD,	Amount: 123.20999908447266,	Rate: 1.0800000429153442,	Value: 133.06680429883
TradeDate: null,	Currency1: EUR,	Currency2: USD,	Amount: 567.0,	Rate: 1.0942,	Value: 620.4114000000001
TradeDate: 2020/05/05 00:50:14,	Currency1: EUR,	Currency2: USD,	Amount: 3145.0,	Rate: 1.0942,	Value: 3441.259
TradeDate: 2020/05/05 14:59:56,	Currency1: EUR,	Currency2: USD,	Amount: 940.0,	Rate: 1.0942,	Value: 1028.548
TradeDate: 2020/05/05 15:02:54,	Currency1: USD,	Currency2: GBP,	Amount: 456.0,	Rate: 0.8033083531,	Value: 366.3086090136