
TradeDate: 2020/05/02 14:43:01,	Currency1: EUR,	Currency2: USD,	Amount: 123.20999908447266,	Rate: 1.0800000429153442,	Value: 133.06680429883
TradeDate: 2020/05/02 14:45:44,	Currency1: EUR,	Currency2: USD,	Amount: 45.20000076293945,	Rate: 1.0800000429153442,	Value: 48.8160027637482
TradeDate: 2020/05/02 14:48:01,	Currency1: EUR,	Currency2: USD,	Amount: 123.11000061035156,	Rate: 1.0800000429153442,	Value: 132.95880594248774
TradeDate: 2020/05/02 14:50:31,	Currency1: EUR,	Currency2: USD,	Amount: 5646.4560546875,	Rate: 1.0800000429153442,	Value: 6098.172781382105